((("/home/balaji/Wallpapers/" .
   [0 0 0 0 0 0 0 0 0 0 0 0 0 0 1 0 0 0 0 0 0 0 0 0])
  ("while" .
   [1 0 0 0 0])
  ("completecommand" .
   [0 0 0 0 0 1 0 0 0 0 0 0 0 0 0])
  ("command" .
   [0 0 0 0 0 0 1])
  ("exit" .
   [1 0 0 0])
  ("SLAVES_PATH" .
   [0 0 4 2 0 0 0 0 0 0 0])
  ("argv" .
   [3 0 0 0])
  ("argc" .
   [1 0 0 0])
  ("ecmd" .
   [2 0 0 0])
  ("exec" .
   [1 0 0 0])
  ("changing" .
   [1 0 0 0 0 0 0 0])
  ("dir1" .
   [0 0 0 1])
  ("pwd" .
   [1 0 0])
  ("directory" .
   [2 0 0 0 0 0 0 0 0])
  ("to" .
   [8 0])
  ("process" .
   [0 0 0 0 0 1 0])
  ("ls" .
   [1 0])
  ("mergedall.csv" .
   [0 0 0 0 0 0 0 0 0 0 0 1 0])
  ("mergedall" .
   [0 0 2 0 0 0 0 0 0])
  ("ar" .
   [2 0])
  ("if" .
   [8 0])
  ("dd" .
   [1 0])
  ("char" .
   [2 0 0 0])
  ("define" .
   [2 0 0 0 0 0])
  ("tptp" .
   [2 0 0 0])
  ("class" .
   [1 0 0 0 0])
  ("typeid" .
   [1 0 0 0 0 2])
  ("endl" .
   [8 0 0 0])
  ("typeinfo" .
   [0 0 0 0 0 0 1 0])
  ("cout" .
   [4 0 1 1])
  ("current" .
   [0 0 0 0 1 0 0])
  ("hl-line-face" .
   [0 0 0 0 0 0 0 0 0 0 0 1])
  ("/" .
   [1])
  ("INI" .
   [1 0 0])
  ("PROGNAME" .
   [2 0 0 0 0 0 0 0])
  ("which" .
   [1 0 0 0 0])
  ("name" .
   [7 0 2 0])
  ("line2" .
   [1 0 0 0 0])
  ("read" .
   [1 0 0 0])
  ("endif" .
   [2 0 0 0 1])
  ("Cexample" .
   [0 0 1 0 0 0 0 0])
  ("aaA" .
   [1 0 0])
  ("struct" .
   [3 0 0 0 0 1])
  ("line" .
   [1 0 0 0])
  ("balaji" .
   [1 0 0 0 0 0])
  ("~/.emacs.d/evil-evil/" .
   [0 0 0 0 0 0 0 0 0 0 0 0 1 0 0 0 0 0 0 0 0])
  ("int" .
   [11 0 0])
  ("namespace" .
   [0 0 0 0 1 0 0 0 1])
  ("using" .
   [1 0 0 0 0])
  ("num" .
   [0 0 1])
  ("topdump" .
   [0 0 0 2 0 0 1])
  ("delta" .
   [2 0 3 1 0])
  ("total" .
   [1 0 1 1 2])
  ("date" .
   [5 0 0 0])
  ("head" .
   [0 0 0 1])
  ("iotemp" .
   [0 0 1 2 2 0])
  ("cat" .
   [4 0 0])
  ("EOL" .
   [1 0 1])
  ("size" .
   [3 0 0 0])
  ("file" .
   [1 0 1 1])
  ("puts" .
   [1 0 0 0])
  ("unity" .
   [1 0 1 0 0])
  ("save-buffer" .
   [0 0 0 0 0 0 0 1 0 0 0])
  ("return" .
   [1 0 0 1 3 1])
  ("toggle-read-only" .
   [0 0 0 0 0 0 0 0 0 0 0 0 0 0 0 1])
  ("setq-default" .
   [0 0 0 0 0 0 0 1 0 0 0 0])
  ("toggle" .
   [0 0 0 0 0 1])
  ("setq" .
   [2 0 0 0])
  ("auto-complete" .
   [0 0 0 0 0 0 0 1 0 0 0 0 0])
  ("/boot/" .
   [0 0 1 0 0 0])
  ("/boot/grub/" .
   [0 0 0 0 0 0 1 0 0 0 0])
  ("/boot/grub/hashsum.mod" .
   [0 0 0 0 0 0 0 0 0 0 0 1 0 0 0 0 0 0 0 0 0 0])
  ("~/Documents/" .
   [0 0 0 0 0 1 0 0 0 0 0 0])
  ("~/Downloads/" .
   [0 0 0 0 0 1 0 0 0 0 0 0])
  ("~/Downloads/Rock of Cashel_Ireland.jpg" .
   [0 0 0 0 0 0 0 0 0 0 0 0 1 0 0 0 0 0 0 0 0 0 0 0 0 0 0 0 0 0 0 0 0 0 0 0 0 0])
  ("/home/balaji/jdk1.6.0_23" .
   [0 0 0 0 0 0 0 0 0 0 0 0 0 0 1 0 0 0 0 0 0 0 0 0])
  ("f4" .
   [1 0])
  ("sum" .
   [1 0 0])
  ("kill-buffer-and-window" .
   [0 0 0 0 0 0 0 0 0 0 0 0 0 1 0 0 0 0 0 0 0 0])
  ("for" .
   [7 0 0])
  ("in" .
   [4 0])
  ("range" .
   [0 0 0 0 1])
  ("print" .
   [1 0 0 0 0])
  ("i.pnm" .
   [1 0 0 0 0])
  ("tt.t" .
   [2 0 0 0])
  ("gnuplot" .
   [0 0 0 1 0 0 0])
  ("write_bytes" .
   [0 0 1 4 0 1 0 0 0 0 2])
  ("echo" .
   [30 0 0 1])
  ("then" .
   [7 0 0 0])
  ("empty" .
   [2 0 0 0 0])
  ("pid" .
   [9 0 0])
  ("else" .
   [6 0 0 0])
  ("lim" .
   [2 0 0])
  ("#pid" .
   [1 0 0 0])
  ("done" .
   [5 0 1 0])
  ("diff" .
   [1 0 1 2])
  ("temp" .
   [1 0 1 0])
  ("write_bytes1" .
   [1 0 0 0 0 0 0 0 0 0 0 0])
  ("sleep" .
   [4 0 0 0 0])
  ("loop" .
   [1 0 0 0])
  ("scale" .
   [1 0 0 0 0])
  ("newtopdump" .
   [0 0 0 1 0 0 0 0 0 0])
  ("test" .
   [2 0 0 0])
  ("alias" .
   [3 0 0 0 0])
  ("include" .
   [2 0 0 0 2 0 0])
  ("hnb" .
   [1 0 0])
  ("progname" .
   [0 0 1 2 0 0 1 0])
  ("PTH" .
   [8 0 0])
  ("bkp" .
   [1 0 0])
  ("sudo" .
   [4 0 0 0])
  ("BKP" .
   [1 0 0])
  ("CFLAGS" .
   [1 0 0 0 0 0])
  ("mutef.c" .
   [0 0 0 0 1 0 0])
  ("ttt" .
   [1 0 0])
  ("CHECK" .
   [0 0 0 1 0])
  ("tttttt" .
   [0 0 0 0 1 0])
  ("flyspell-auto-correct-word" .
   [0 0 0 0 0 0 0 0 0 0 0 0 0 0 0 0 0 0 0 0 0 0 0 0 1 0])
  ("flyspell-mode" .
   [0 0 0 0 0 0 0 0 0 0 0 0 1])
  ("NEWCHECK" .
   [0 0 0 1 0 0 0 0])
  ("Configuring" .
   [3 0 0 0 0 0 0 0 0 0 0])
  ("cp" .
   [2 0])
  ("bashrc" .
   [1 0 0 0 0 0])
  ("bash" .
   [1 0 0 0])
  ("/home/balaji/Wallpapers/dual_screen_wallpaper_110.jpg" .
   [0 0 0 0 0 0 0 0 0 0 0 0 0 0 0 0 0 0 0 0 0 0 0 0 1 0 0 0 0 0 0 0 0 0 0 0 0 0 0 0 0 0 0 0 0 0 0 0 0 0 0 0 0])
  ("static" .
   [1 0 0 0 1 0])
  ("void" .
   [4 0 0 0])
  ("printk" .
   [1 0 0 0 0 0])
  ("hello_init" .
   [0 0 0 0 0 0 1 0 0 0])
  ("module" .
   [0 0 0 0 0 1])
  ("hello_exit" .
   [0 0 0 1 0 0 0 0 0 0])
  ("its" .
   [3 0 0])
  ("window" .
   [3 0 0 0 0 0])
  ("will" .
   [4 0 0 0])
  ("search" .
   [3 0 0 0 0 0])
  ("text" .
   [1 0 0 0])
  ("on" .
   [1 0])
  ("only" .
   [1 0 0 0])
  ("is" .
   [3 0])
  ("option" .
   [2 0 0 0 0 0])
  ("can" .
   [5 0 0])
  ("buffer" .
   [3 0 0 0 0 0])
  ("n" .
   [2])
  ("it" .
   [7 0])
  ("and" .
   [1 0 0])
  ("you" .
   [5 0 0])
  ("give" .
   [1 0 0 0])
  ("pair" .
   [1 0 0 0])
  ("programming" .
   [1 0 0 0 0 0 0 0 0 0 0])
  ("m" .
   [2])
  ("more" .
   [1 0 0 0])
  ("or" .
   [2 0])
  ("right" .
   [1 0 0 0 0])
  ("bol" .
   [2 0 0])
  ("remote" .
   [1 0 0 0 0 0])
  ("all" .
   [1 0 0])
  ("that" .
   [2 0 0 0])
  ("filename" .
   [1 0 0 0 0 0 0 0])
  ("the" .
   [4 0 0])
  ("thinks" .
   [0 0 0 0 0 1])
  ("auto" .
   [1 0 0 0])
  ("complete" .
   [1 0 0 0 0 0 0 0])
  ("my" .
   [1 0])
  ("emacs" .
   [2 0 0 0 0])
  ("working" .
   [3 0 0 0 0 0 0])
  ("Now" .
   [1 0 1])
  ("based" .
   [1 0 0 0 0])
  ("engine" .
   [1 0 0 0 0 0])
  ("hat" .
   [0 0 2])
  ("achha" .
   [1 0 0 0 0])
  ("kaise" .
   [1 0 0 0 0])
  ("a" .
   [1])
  ("want" .
   [2 0 0 0])
  ("first" .
   [1 0 0 0 0])
  ("M-x" .
   [1 0 0])
  ("one" .
   [3 0 0])
  ("There" .
   [1 0 0 0 0])
  ("an" .
   [2 0])
  ("used" .
   [1 0 0 0])
  ("google" .
   [1 0 0 0 0 0])
  (":P" .
   [1 0])
  ("C-x" .
   [2 0 0])
  ("ha" .
   [2 0])
  ("this" .
   [3 0 0 0])
  ("know" .
   [1 0 0 0])
  ("also" .
   [1 0 0 0])
  ("but" .
   [1 0 0])
  ("not" .
   [1 0 0])
  ("good" .
   [1 0 0 0])
  ("with" .
   [1 0 0 0])
  ("4" .
   [1])
  ("C-u" .
   [1 0 0])
  ("number" .
   [1 0 0 0 0 0])
  ("by" .
   [1 0])
  ("increase" .
   [1 0 0 0 0 0 0 0])
  ("Its" .
   [1 0 0])
  ("l" .
   [1])
  ("are" .
   [2 0 0])
  ("email" .
   [2 0 0 0 0])
  ("need" .
   [1 0 0 0])
  ("send" .
   [2 0 0 0])
  ("t" .
   [1])
  ("through" .
   [1 0 0 0 0 0 0])
  ("default" .
   [1 0 0 0 0 0 0])
  ("mail" .
   [2 0 0 0])
  ("server" .
   [2 0 0 0 0 0])
  ("You" .
   [1 0 0])
  ("person" .
   [1 0 0 0 0 0])
  ("If" .
   [1 0])))
